0 49 41 25 37 26 27 27 40 32 25 32 32 32 28 25 25 26 27 26 32 26 27 27 35 31 37 26 37 27 26 32 48 28 36 25 35 25 42 31 45 32 35 26 25 43 30 30 33 33 34 36 26 34 25 30 36 32 26 26 
1 26 28 30 
2 32 27 26 
3 25 26 26 29 
4 28 25 
5 29 27 26 25 
6 25 27 27 
7 25 25 26 
8 32 
9 
10 
11 
12 25 24 28 
13 26 26 
14 27 25 
15 28 27 26 
16 28 
17 25 26 
18 25 26 
19 
20 27 26 28 26 
21 26 26 
22 
23 
24 28 27 
25 
26 30 27 
27 29 
28 29 
29 29 27 
30 
31 30 28 31 28 
32 31 29 
33 30 27 
34 
35 28 32 
36 32 30 
37 30 
38 31 31 
39 
40 32 29 
41 33 28 29 
42 33 
43 31 
44 28 29 
45 32 
46 34 33 30 
47 
48 29 
49 31 34 
50 33 29 30 
51 30 32 32 
52 
53 30 30 
54 35 33 31 
55 34 34 31 
56 35 
57 31 32 
58 34 
59 33 36 
60 32 
61 35 35 
62 36 31 
63 37 
64 34 
65 32 
66 35 36 
67 37 33 35 
68 36 
69 37 38 33 
70 34 32 
71 
72 36 37 36 33 
73 34 39 33 34 
74 38 38 
75 40 
76 37 35 
77 34 
78 39 38 36 37 
79 39 
80 
81 38 41 
82 37 38 35 
83 39 40 35 
84 39 35 
85 
86 40 38 36 
87 42 
88 39 36 36 
89 41 40 40 
90 40 41 37 43 
91 37 
92 41 41 37 
93 39 42 42 
94 41 38 44 
95 38 
96 
97 42 38 
98 42 42 43 45 
99 40 
100 
101 43 
102 43 39 
103 44 46 39 
104 44 43 
105 
106 41 43 39 47 
107 40 
108 44 
109 44 48 
110 44 41 
111 45 40 40 
112 
113 45 
114 45 45 45 49 
115 42 50 
116 46 41 
117 42 
118 46 47 41 51 
119 
120 46 46 42 
121 47 47 48 52 43 
122 43 42 
123 44 46 43 
124 47 48 43 44 
125 48 
126 48 47 44 44 
127 45 
128 49 
129 48 53 
130 49 
131 50 45 
132 49 45 46 
133 49 50 46 54 45 
134 
135 51 
136 52 
137 49 46 
138 50 51 47 50 
139 50 
140 46 
141 47 55 47 
142 51 
143 51 48 47 
144 51 52 56 
145 
146 53 48 
147 53 49 
148 54 52 
149 52 52 54 48 48 
150 50 57 
151 49 
152 53 
153 53 55 
154 49 
155 50 
156 54 53 49 58 
157 51 55 51 
158 
159 50 
160 
161 54 50 
162 55 56 54 52 59 52 
163 56 
164 57 55 60 
165 56 55 51 
166 58 53 51 
167 53 
168 
169 57 
170 56 61 52 
171 57 56 
172 59 57 58 52 54 
173 62 
174 54 53 
175 60 59 
176 58 63 54 
177 58 55 
178 59 55 57 53 
179 60 
180 59 
181 61 
182 60 56 
183 58 
184 61 54 64 57 
185 56 
186 61 
187 62 55 
188 60 55 
189 62 63 
190 57 62 59 
191 65 56 
192 61 56 
193 64 58 
194 63 63 57 
195 58 60 
196 66 
197 67 
198 65 58 
199 66 61 57 59 
200 64 62 59 64 
201 
202 58 
203 60 
204 65 62 
205 
206 67 59 68 59 
207 65 61 
208 66 60 
209 60 
210 63 69 
211 68 67 
212 
213 66 62 60 
214 63 
215 61 
216 69 68 
217 61 
218 67 64 
219 70 70 62 61 
220 64 
221 65 62 
222 63 
223 71 71 
224 65 69 62 
225 66 
226 
227 63 63 
228 68 64 63 
229 64 72 
230 69 66 
231 72 67 64 
232 70 64 
233 
234 65 65 65 
235 71 
236 73 68 73 
237 70 66 
238 
239 66 65 
240 71 67 69 
241 74 72 74 
242 68 73 
243 75 
244 66 70 75 67 
245 67 
246 72 67 
247 68 76 66 
248 76 
249 69 74 67 
250 73 68 68 
251 75 68 
252 69 
253 71 69 
254 77 
255 74 77 
256 76 72 70 
257 70 70 
258 
259 69 
260 75 78 71 
261 78 69 
262 73 71 
263 77 
264 
265 71 70 
266 72 79 72 
267 71 
268 79 74 
269 78 70 
270 76 73 
271 72 
272 75 80 
273 72 79 
274 77 76 73 71 
275 80 73 
276 73 
277 74 
278 80 81 74 
279 82 
280 78 
281 74 77 
282 75 
283 81 74 75 72 
284 79 
285 
286 76 83 
287 75 73 
288 80 81 76 
289 82 76 78 84 
290 
291 75 
292 
293 83 85 
294 77 82 74 
295 79 
296 81 77 
297 86 
298 76 78 78 77 
299 83 80 75 
300 79 
301 82 84 87 
302 
303 79 88 78 
304 
305 83 84 81 76 
306 
307 77 85 89 79 77 
308 80 80 
309 84 85 
310 82 80 
311 90 
312 78 
313 81 86 91 81 
314 87 78 
315 81 
316 86 82 83 79 
317 88 
318 87 79 
319 
320 85 
321 83 84 
322 86 80 82 92 82 80 
323 88 
324 85 
325 93 
326 89 81 84 83 83 81 
327 
328 
329 87 82 
330 90 89 84 
331 85 90 86 
332 84 94 
333 
334 88 82 86 
335 95 83 
336 85 85 
337 89 91 91 
338 87 
339 96 84 
340 83 
341 87 86 
342 92 92 
343 86 
344 93 
345 90 88 87 87 
346 84 97 88 
347 88 
348 93 85 85 
349 
350 89 
351 98 
352 91 89 89 86 
353 92 94 
354 93 88 99 
355 86 90 
356 94 87 90 
357 95 100 87 
358 
359 96 
360 95 
361 88 91 89 90 
362 101 
363 91 88 
364 92 
365 91 
366 94 96 89 97 
367 93 90 102 
368 95 89 
369 92 90 
370 93 103 
371 90 92 
372 97 94 
373 98 
374 91 98 104 91 
375 
376 
377 96 105 
378 99 91 92 
379 95 
380 93 
381 
382 97 94 
383 99 100 94 
384 96 
385 92 106 93 
386 98 92 97 
387 101 95 
388 100 95 107 
389 98 93 
390 99 96 94 
391 101 93 
392 100 102 94 99 102 108 
393 
394 96 94 97 
395 
396 103 95 103 
397 
398 100 95 
399 101 98 
400 101 104 95 109 
401 96 97 96 
402 104 110 
403 96 
404 102 97 99 
405 105 105 98 
406 97 
407 
408 102 99 
409 103 97 
410 103 100 111 100 98 
411 104 106 104 98 
412 
413 98 112 
414 106 
415 107 99 101 99 
416 
417 
418 105 101 
419 100 105 113 100 
420 106 99 
421 107 102 
422 108 114 
423 
424 106 102 
425 107 108 101 
426 101 100 103 
427 103 
428 109 107 115 
429 
430 109 102 
431 108 
432 110 102 110 101 
433 108 104 104 
434 
435 
436 111 111 
437 105 103 
438 109 103 109 112 116 
439 
440 
441 110 110 102 
442 104 117 105 
443 113 106 103 104 
444 112 118 
445 105 
446 107 119 106 
447 111 114 
448 108 
449 105 104 
450 111 120 106 
451 112 
452 113 115 107 
453 
454 113 107 
455 112 116 105 
456 114 109 121 108 
457 114 108 
458 106 
459 
460 115 113 110 
461 115 106 109 
462 110 109 
463 107 117 122 
464 114 107 
465 116 116 115 111 
466 111 110 
467 117 
468 108 
469 118 112 123 
470 
471 117 108 112 
472 118 116 119 
473 
474 109 
475 117 113 111 
476 109 124 112 
477 120 
478 119 
479 118 114 
480 118 121 110 
481 113 125 
482 120 110 113 
483 115 
484 119 126 
485 119 111 
486 116 
487 122 114 
488 121 111 127 
489 114 
490 112 115 112 117 
491 
492 123 113 
493 120 120 128 
494 122 121 116 129 
495 118 115 
496 121 117 114 
497 122 
498 
499 123 113 119 116 
500 122 124 
501 123 
502 123 115 
503 118 120 
504 124 114 
505 130 
506 124 125 116 
507 131 117 
508 115 124 119 121 
509 117 
510 125 125 126 
511 127 
512 125 132 118 
513 
514 116 128 120 118 122 
515 
516 126 117 129 
517 126 119 133 
518 
519 127 121 120 123 119 
520 126 118 
521 124 
522 130 
523 127 122 134 
524 119 131 
525 128 127 121 
526 120 125 120 
527 123 
528 121 128 
529 128 129 
530 122 135 126 
531 129 127 121 
532 
533 129 132 
534 123 
535 130 130 124 136 
536 122 128 
537 130 124 
538 131 133 137 
539 122 
540 123 132 129 
541 131 
542 125 125 
543 124 138 123 
544 131 126 
545 134 
546 133 126 130 
547 132 124 
548 139 
549 132 125 131 
550 135 127 140 132 
551 133 134 125 
552 133 127 
553 
554 133 126 
555 126 136 
556 134 127 137 
557 134 128 141 134 
558 128 
559 135 129 127 
560 138 
561 128 129 142 
562 135 135 135 
563 
564 136 139 143 128 
565 129 
566 130 
567 136 130 129 
568 131 
569 140 130 144 136 
570 130 
571 137 131 
572 136 137 141 132 145 
573 137 
574 
575 133 
576 132 138 142 
577 137 131 138 131 
578 138 
579 146 139 
580 133 134 
581 143 132 
582 134 139 132 
583 138 139 140 
584 
585 140 133 
586 135 147 
587 139 144 141 
588 140 135 133 
589 134 148 
590 140 136 141 142 
591 145 136 149 
592 134 
593 141 142 
594 141 146 150 
595 135 
596 142 137 
597 142 135 
598 
599 143 137 147 143 
600 143 138 
601 139 136 
602 136 140 
603 143 148 144 
604 138 
605 144 137 151 
606 144 
607 145 137 
608 149 141 
609 145 
610 144 
611 145 139 142 146 
612 138 
613 138 152 
614 146 153 
615 146 139 
616 145 140 
617 147 139 
618 150 143 
619 141 147 
620 140 148 
621 146 144 154 
622 151 
623 147 
624 148 141 155 
625 145 140 
626 142 149 142 
627 148 152 149 
628 
629 147 143 150 143 156 
630 146 
631 149 141 
632 148 
633 153 142 
634 154 144 147 150 
635 144 151 148 157 
636 
637 150 143 
638 149 152 155 145 
639 146 151 
640 145 149 
641 158 
642 150 151 152 144 
643 153 159 145 
644 156 147 
645 154 146 
646 146 157 150 
647 152 
648 151 148 160 
649 155 
650 147 153 
651 153 151 
652 152 149 
653 154 161 
654 158 147 
655 156 154 148 
656 148 150 
657 
658 153 155 152 162 
659 149 157 159 155 
660 158 151 163 
661 
662 150 156 
663 154 
664 155 160 153 
665 151 157 
666 159 152 164 149 
667 156 152 
668 154 
669 157 161 
670 153 162 153 165 150 
671 160 163 
672 154 155 158 
673 
674 164 154 159 
675 158 161 166 151 
676 155 156 
677 159 152 
678 156 165 155 167 
679 160 
680 157 153 
681 156 162 168 
682 163 169 
683 156 
684 160 166 154 
685 157 158 170 
686 157 164 
687 167 
688 165 157 161 
689 161 158 155 
690 158 
691 159 171 
692 162 166 
693 158 159 168 
694 160 
695 162 
696 169 159 156 
697 159 163 161 172 
698 
699 167 
700 160 170 163 
701 160 164 160 157 
702 173 
703 161 158 
704 162 171 
705 161 168 
706 165 162 164 
707 172 161 159 
708 169 165 
709 174 
710 
711 163 160 
712 166 162 175 
713 162 163 170 
714 167 173 166 
715 
716 164 161 
717 171 
718 163 164 174 
719 168 163 165 
720 175 162 
721 176 
722 164 167 
723 164 169 165 
724 172 176 166 
725 165 177 
726 163 
727 170 173 167 
728 
729 166 166 168 
730 165 178 164 
731 177 179 
732 174 168 
733 167 178 
734 175 166 165 
735 171 169 
736 167 
737 172 168 180 
738 173 176 179 167 
739 169 
740 166 
741 170 
742 168 
743 174 177 168 170 181 167 
744 169 180 
745 
746 175 
747 181 182 171 
748 176 170 178 168 
749 169 169 171 
750 171 183 
751 182 172 
752 179 170 
753 170 
754 172 
755 184 173 
756 
757 171 177 172 180 173 169 
758 171 174 
759 178 185 
760 172 181 183 
761 182 170 
762 172 186 
763 174 
764 173 
765 187 175 
766 179 173 173 171 
767 184 
768 174 175 
769 
770 174 183 
771 180 185 
772 174 188 172 
773 
774 184 176 176 
775 181 175 189 
776 175 
777 175 182 173 
778 186 176 
779 177 177 174 
780 176 185 190 
781 178 
782 176 183 187 177 
783 191 
784 178 175 
785 177 186 179 
786 192 176 
787 188 
788 178 
789 177 184 177 
790 185 178 179 
791 
792 187 189 179 
793 180 180 
794 178 190 180 193 
795 188 
796 194 178 
797 191 181 181 
798 179 181 179 
799 186 
800 179 182 
801 189 
802 180 192 182 
803 183 
804 190 193 182 180 
805 187 180 194 
806 184 195 
807 183 
808 188 184 
809 183 181 
810 181 196 182 
811 
812 
813 181 182 191 195 184 185 185 183 
814 196 
815 189 
816 
817 183 192 197 186 
818 190 198 
819 186 
820 193 184 
821 182 
822 191 185 187 187 
823 183 184 197 
824 185 
825 184 194 188 
826 188 199 
827 186 
828 192 185 
829 200 
830 193 195 198 186 189 
831 189 187 
832 188 
833 185 190 
834 196 187 
835 194 199 
836 186 186 
837 187 201 191 
838 195 197 188 190 189 
839 
840 200 202 192 
841 
842 188 191 
843 187 
844 196 198 189 192 203 
845 201 190 
846 188 202 
847 193 
848 197 190 193 
849 189 189 199 204 
850 194 191 
851 
852 195 194 192 
853 190 203 191 
854 198 190 193 
855 
856 200 
857 205 
858 199 191 204 192 196 195 
859 191 192 206 196 
860 201 205 194 
861 197 
862 200 
863 192 201 193 
864 195 
865 193 207 197 
866 202 202 
867 
868 193 194 198 
869 208 
870 206 
871 203 194 195 
872 199 198 196 
873 204 203 209 
874 
875 194 207 196 
876 205 204 197 200 199 
877 
878 195 
879 210 
880 195 206 208 198 201 200 197 
881 
882 205 
883 207 
884 196 196 199 211 201 
885 206 198 
886 208 
887 197 209 
888 212 202 199 
889 200 202 
890 198 
891 
892 197 199 201 203 200 
893 209 207 
894 210 202 
895 213 
896 198 211 
897 208 212 203 204 201 
898 199 203 
899 200 209 214 202 
900 205 
901 
902 210 213 204 
903 201 
904 210 215 
905 203 
906 200 204 205 
907 202 211 
908 
909 201 211 206 
910 214 205 216 204 
911 202 203 206 
912 215 207 
913 212 212 206 
914 203 207 217 
915 
916 205 
917 213 204 208 206 
918 213 218 
919 216 
920 214 
921 204 214 
922 
923 215 207 
924 208 219 
925 205 205 
926 215 208 209 207 
927 217 209 
928 206 220 208 
929 
930 216 216 
931 209 
932 206 210 
933 207 218 210 209 
934 217 210 
935 208 217 211 
936 218 207 221 
937 219 210 
938 
939 218 219 212 
940 220 211 211 222 
941 209 211 
942 208 219 
943 210 212 213 
944 220 212 
945 211 212 
946 221 223 
947 209 220 
948 221 213 
949 212 213 214 
950 224 213 
951 210 
952 221 214 
953 213 222 
954 211 222 225 
955 214 215 215 
956 223 
957 214 214 
958 226 
959 215 
960 223 216 227 
961 215 212 216 
962 217 
963 222 224 228 215 
964 224 
965 225 216 218 217 
966 216 
967 213 223 229 216 
968 
969 
970 225 
971 226 214 217 230 217 
972 217 218 
973 227 215 224 226 219 
974 231 
975 218 218 219 
976 218 
977 228 225 227 
978 
979 216 220 
980 219 
981 228 219 221 232 220 
982 219 221 
983 229 226 222 
984 220 217 
985 233 220 
986 229 220 222 
987 230 234 
988 231 227 
989 
990 218 223 221 
991 230 221 
992 221 223 
993 
994 228 
995 222 232 219 231 
996 222 224 235 222 
997 233 
998 220 224 
999 223 
