0 34 42 42 27 36 47 45 37 30 25 29 29 29 34 33 36 43 47 33 30 25 47 41 32 40 34 30 29 42 26 41 29 30 28 49 32 25 30 47 33 28 25 32 26 36 28 27 30 30 29 43 27 26 27 30 27 31 36 48 33 33 28 27 26 30 37 28 25 32 25 49 29 30 26 29 32 36 28 31 29 27 28 44 35 37 26 30 40 35 32 36 28 47 43 27 36 25 40 36 28 25 31 31 44 37 26 42 29 25 37 27 30 26 48 39 27 25 48 47 30 26 27 26 41 39 46 43 25 30 32 38 25 26 25 26 26 27 25 27 29 36 29 26 25 38 34 25 26 34 30 25 26 29 27 35 
1 29 25 26 28 30 31 25 25 27 27 
2 28 37 26 28 31 25 28 26 28 28 28 27 29 25 
3 26 28 26 26 26 26 28 25 
4 26 30 27 25 25 26 26 
5 26 25 26 26 27 28 24 25 26 
6 25 25 27 25 24 24 26 25 26 27 
7 26 26 25 28 
8 26 26 25 28 25 24 27 27 
9 26 29 28 
10 27 25 26 26 24 
11 26 26 26 27 
12 26 26 26 25 24 26 
13 25 24 27 26 26 26 25 26 
14 26 
15 29 26 27 26 
16 27 27 28 25 26 27 27 28 
17 25 27 28 27 27 
18 28 27 
19 27 
20 24 24 25 26 27 29 30 27 
21 27 26 27 27 27 28 28 28 28 
22 29 29 
23 28 28 28 31 
24 
25 26 27 32 27 28 28 
26 28 28 29 
27 28 29 30 28 29 29 
28 30 27 28 30 
29 29 29 
30 25 28 29 
31 30 28 29 29 30 29 27 
32 27 29 27 29 31 33 
33 29 25 30 29 
34 30 30 
35 31 28 30 30 30 
36 29 31 28 
37 31 29 29 34 
38 30 25 30 32 32 30 28 
39 26 31 30 28 
40 32 27 31 
41 31 32 30 31 30 31 31 
42 27 29 30 31 33 35 31 
43 27 32 28 29 29 
44 29 32 
45 31 31 32 30 31 32 32 
46 31 33 33 32 32 33 36 32 31 
47 32 30 34 30 
48 31 
49 28 33 30 33 29 37 33 33 
50 34 33 31 32 32 
51 32 35 31 
52 33 28 34 34 29 33 30 30 
53 32 34 33 38 33 34 33 
54 35 31 35 33 
55 29 29 33 36 30 34 34 
56 34 33 35 32 35 
57 32 31 34 34 36 
58 30 36 34 32 31 31 
59 34 30 35 
60 34 32 36 35 
61 33 32 34 31 39 34 
62 36 35 37 31 35 34 32 
63 35 30 35 35 36 
64 35 31 33 36 37 33 33 32 
65 37 35 36 35 32 
66 34 40 
67 38 36 33 
68 36 34 37 35 36 
69 36 38 31 33 38 36 37 37 
70 37 32 34 37 36 32 33 36 33 
71 34 37 36 35 41 35 
72 33 39 33 
73 34 35 37 42 38 37 
74 32 38 34 38 37 34 
75 39 37 40 36 34 34 
76 37 34 35 37 39 
77 38 35 35 38 39 
78 40 35 37 35 39 38 36 43 36 35 
79 38 41 38 38 
80 38 35 33 36 36 40 38 
81 39 39 40 37 39 
82 39 44 39 
83 39 41 34 37 40 37 39 
84 38 36 37 36 41 40 35 
85 40 41 39 40 45 36 
86 36 38 40 37 41 40 
87 36 37 38 40 
88 40 42 35 38 41 42 
89 39 41 40 42 38 36 
90 39 38 
91 38 37 
92 36 37 37 42 39 41 43 
93 37 39 41 43 41 39 41 
94 41 40 39 42 42 41 
95 43 40 40 40 46 44 
96 39 39 40 
97 38 41 43 44 38 42 42 42 
98 44 42 
99 41 37 43 47 38 
